z[m] p[mb]  tls[K/s] qls[kg/kg/s] uls  vls  wls[m/s]
0.000,    66,   1010.09    day,levels,pres0
75.867 -999.000  0.000    0.000   -3.000   -5.000   -0.000667
110.036 -999.000  0.000    0.000   -3.000   -5.000   -0.002048
144.299 -999.000  0.000    0.000   -3.000   -5.000   -0.003364
178.659 -999.000  0.000    0.000   -3.000   -5.000   -0.004200
217.444 -999.000  0.000    0.000   -3.000   -5.000   -0.004829
256.352 -999.000  0.000    0.000   -3.000   -5.000   -0.005313
295.420 -999.000  0.000    0.000   -3.000   -5.000   -0.005613
334.613 -999.000  0.000    0.000   -3.000   -5.000   -0.005957
369.576 -999.000  0.000    0.000   -3.000   -5.000   -0.006084
409.048 -999.000  0.000    0.000   -3.000   -5.000   -0.006139
448.645 -999.000  0.000    0.000   -3.000   -5.000   -0.006047
488.396 -999.000  0.000    0.000   -3.000   -5.000   -0.005320
532.722 -999.000  0.000    0.000   -3.000   -5.000   -0.004008
577.222 -999.000  0.000    0.000   -3.000   -5.000   -0.002474
621.900 -999.000  0.000    0.000   -3.000   -5.000   -0.000785
666.754 -999.000  0.000    0.000   -3.000   -5.000   0.000967
711.786 -999.000  0.000    0.000   -3.000   -5.000   0.002729
756.996 -999.000  0.000    0.000   -3.000   -5.000   0.004446
806.944 -999.000  0.000    0.000   -3.000   -5.000   0.005606
857.092 -999.000  0.000    0.000   -3.000   -5.000   0.005975
902.881 -999.000  0.000    0.000   -3.000   -5.000   0.005520
948.853 -999.000  0.000    0.000   -3.000   -5.000   0.004128
999.646 -999.000  0.000    0.000   -3.000   -5.000   0.002276
1055.303 -999.000  0.000    0.000   -3.000   -5.000   0.000416
1106.551 -999.000  0.000    0.000   -3.000   -5.000   -0.000726
1158.050 -999.000  0.000    0.000   -3.000   -5.000   -0.001729
1214.489 -999.000  0.000    0.000   -3.000   -5.000   -0.003190
1271.214 -999.000  0.000    0.000   -3.000   -5.000   -0.005167
1328.230 -999.000  0.000    0.000   -3.000   -5.000   -0.008003
1390.346 -999.000  0.000    0.000   -3.000   -5.000   -0.012021
1452.790 -999.000  0.000    0.000   -3.000   -5.000   -0.016804
1510.766 -999.000  0.000    0.000   -3.000   -5.000   -0.021722
1569.056 -999.000  0.000    0.000   -3.000   -5.000   -0.026842
1632.579 -999.000  0.000    0.000   -3.000   -5.000   -0.032060
1696.455 -999.000  0.000    0.000   -3.000   -5.000   -0.036930
1765.728 -999.000  0.000    0.000   -3.000   -5.000   -0.041825
1830.388 -999.000  0.000    0.000   -3.000   -5.000   -0.046143
1895.542 -999.000  0.000    0.000   -3.000   -5.000   -0.050519
1971.156 -999.000  0.000    0.000   -3.000   -5.000   -0.055411
2047.361 -999.000  0.000    0.000   -3.000   -5.000   -0.059836
2134.412 -999.000  0.000    0.000   -3.000   -5.000   -0.064426
2227.378 -999.000  0.000    0.000   -3.000   -5.000   -0.067201
2514.037 -999.000  0.000    0.000   -3.000   -5.000   -0.064818
3017.161 -999.000  0.000    0.000   -3.000   -5.000   -0.061645
3576.183 -999.000  0.000    0.000   -3.000   -5.000   -0.065537
4193.078 -999.000  0.000    0.000   -3.000   -5.000   -0.070832
4857.795 -999.000  0.000    0.000   -3.000   -5.000   -0.058354
5578.999 -999.000  0.000    0.000   -3.000   -5.000   -0.019947
6333.516 -999.000  0.000    0.000   -3.000   -5.000   0.019429
7084.564 -999.000  0.000    0.000   -3.000   -5.000   0.042241
7836.234 -999.000  0.000    0.000   -3.000   -5.000   0.056965
8582.901 -999.000  0.000    0.000   -3.000   -5.000   0.051336
9330.266 -999.000  0.000    0.000   -3.000   -5.000   0.016979
10083.780 -999.000  0.000    0.000   -3.000   -5.000   -0.017307
10827.658 -999.000  0.000    0.000   -3.000   -5.000   -0.035035
11568.746 -999.000  0.000    0.000   -3.000   -5.000   -0.038900
12316.295 -999.000  0.000    0.000   -3.000   -5.000   -0.030200
13068.287 -999.000  0.000    0.000   -3.000   -5.000   -0.041885
13822.677 -999.000  0.000    0.000   -3.000   -5.000   -0.093291
14556.426 -999.000  0.000    0.000   -3.000   -5.000   -0.128775
15307.969 -999.000  0.000    0.000   -3.000   -5.000   -0.099009
16072.348 -999.000  0.000    0.000   -3.000   -5.000   -0.027482
16863.248 -999.000  0.000    0.000   -3.000   -5.000   0.039474
17750.090 -999.000  0.000    0.000   -3.000   -5.000   0.059055
18738.941 -999.000  0.000    0.000   -3.000   -5.000   0.025387
19913.666 -999.000  0.000    0.000   -3.000   -5.000   -0.002737
0.042,    66,   1010.09    day,levels,pres0
75.867 -999.000  0.000    0.000   -3.000   -5.000   -0.000667
110.036 -999.000  0.000    0.000   -3.000   -5.000   -0.002048
144.299 -999.000  0.000    0.000   -3.000   -5.000   -0.003364
178.659 -999.000  0.000    0.000   -3.000   -5.000   -0.004200
217.444 -999.000  0.000    0.000   -3.000   -5.000   -0.004829
256.352 -999.000  0.000    0.000   -3.000   -5.000   -0.005313
295.420 -999.000  0.000    0.000   -3.000   -5.000   -0.005613
334.613 -999.000  0.000    0.000   -3.000   -5.000   -0.005957
369.576 -999.000  0.000    0.000   -3.000   -5.000   -0.006084
409.048 -999.000  0.000    0.000   -3.000   -5.000   -0.006139
448.645 -999.000  0.000    0.000   -3.000   -5.000   -0.006047
488.396 -999.000  0.000    0.000   -3.000   -5.000   -0.005320
532.722 -999.000  0.000    0.000   -3.000   -5.000   -0.004008
577.222 -999.000  0.000    0.000   -3.000   -5.000   -0.002474
621.900 -999.000  0.000    0.000   -3.000   -5.000   -0.000785
666.754 -999.000  0.000    0.000   -3.000   -5.000   0.000967
711.786 -999.000  0.000    0.000   -3.000   -5.000   0.002729
756.996 -999.000  0.000    0.000   -3.000   -5.000   0.004446
806.944 -999.000  0.000    0.000   -3.000   -5.000   0.005606
857.092 -999.000  0.000    0.000   -3.000   -5.000   0.005975
902.881 -999.000  0.000    0.000   -3.000   -5.000   0.005520
948.853 -999.000  0.000    0.000   -3.000   -5.000   0.004128
999.646 -999.000  0.000    0.000   -3.000   -5.000   0.002276
1055.303 -999.000  0.000    0.000   -3.000   -5.000   0.000416
1106.551 -999.000  0.000    0.000   -3.000   -5.000   -0.000726
1158.050 -999.000  0.000    0.000   -3.000   -5.000   -0.001729
1214.489 -999.000  0.000    0.000   -3.000   -5.000   -0.003190
1271.214 -999.000  0.000    0.000   -3.000   -5.000   -0.005167
1328.230 -999.000  0.000    0.000   -3.000   -5.000   -0.008003
1390.346 -999.000  0.000    0.000   -3.000   -5.000   -0.012021
1452.790 -999.000  0.000    0.000   -3.000   -5.000   -0.016804
1510.766 -999.000  0.000    0.000   -3.000   -5.000   -0.021722
1569.056 -999.000  0.000    0.000   -3.000   -5.000   -0.026842
1632.579 -999.000  0.000    0.000   -3.000   -5.000   -0.032060
1696.455 -999.000  0.000    0.000   -3.000   -5.000   -0.036930
1765.728 -999.000  0.000    0.000   -3.000   -5.000   -0.041825
1830.388 -999.000  0.000    0.000   -3.000   -5.000   -0.046143
1895.542 -999.000  0.000    0.000   -3.000   -5.000   -0.050519
1971.156 -999.000  0.000    0.000   -3.000   -5.000   -0.055411
2047.361 -999.000  0.000    0.000   -3.000   -5.000   -0.059836
2134.412 -999.000  0.000    0.000   -3.000   -5.000   -0.064426
2227.378 -999.000  0.000    0.000   -3.000   -5.000   -0.067201
2514.037 -999.000  0.000    0.000   -3.000   -5.000   -0.064818
3017.161 -999.000  0.000    0.000   -3.000   -5.000   -0.061645
3576.183 -999.000  0.000    0.000   -3.000   -5.000   -0.065537
4193.078 -999.000  0.000    0.000   -3.000   -5.000   -0.070832
4857.795 -999.000  0.000    0.000   -3.000   -5.000   -0.058354
5578.999 -999.000  0.000    0.000   -3.000   -5.000   -0.019947
6333.516 -999.000  0.000    0.000   -3.000   -5.000   0.019429
7084.564 -999.000  0.000    0.000   -3.000   -5.000   0.042241
7836.234 -999.000  0.000    0.000   -3.000   -5.000   0.056965
8582.901 -999.000  0.000    0.000   -3.000   -5.000   0.051336
9330.266 -999.000  0.000    0.000   -3.000   -5.000   0.016979
10083.780 -999.000  0.000    0.000   -3.000   -5.000   -0.017307
10827.658 -999.000  0.000    0.000   -3.000   -5.000   -0.035035
11568.746 -999.000  0.000    0.000   -3.000   -5.000   -0.038900
12316.295 -999.000  0.000    0.000   -3.000   -5.000   -0.030200
13068.287 -999.000  0.000    0.000   -3.000   -5.000   -0.041885
13822.677 -999.000  0.000    0.000   -3.000   -5.000   -0.093291
14556.426 -999.000  0.000    0.000   -3.000   -5.000   -0.128775
15307.969 -999.000  0.000    0.000   -3.000   -5.000   -0.099009
16072.348 -999.000  0.000    0.000   -3.000   -5.000   -0.027482
16863.248 -999.000  0.000    0.000   -3.000   -5.000   0.039474
17750.090 -999.000  0.000    0.000   -3.000   -5.000   0.059055
18738.941 -999.000  0.000    0.000   -3.000   -5.000   0.025387
19913.666 -999.000  0.000    0.000   -3.000   -5.000   -0.002737
0.083,    66,   1010.09    day,levels,pres0
75.867 -999.000  0.000    0.000   -3.000   -5.000   -0.000667
110.036 -999.000  0.000    0.000   -3.000   -5.000   -0.002048
144.299 -999.000  0.000    0.000   -3.000   -5.000   -0.003364
178.659 -999.000  0.000    0.000   -3.000   -5.000   -0.004200
217.444 -999.000  0.000    0.000   -3.000   -5.000   -0.004829
256.352 -999.000  0.000    0.000   -3.000   -5.000   -0.005313
295.420 -999.000  0.000    0.000   -3.000   -5.000   -0.005613
334.613 -999.000  0.000    0.000   -3.000   -5.000   -0.005957
369.576 -999.000  0.000    0.000   -3.000   -5.000   -0.006084
409.048 -999.000  0.000    0.000   -3.000   -5.000   -0.006139
448.645 -999.000  0.000    0.000   -3.000   -5.000   -0.006047
488.396 -999.000  0.000    0.000   -3.000   -5.000   -0.005320
532.722 -999.000  0.000    0.000   -3.000   -5.000   -0.004008
577.222 -999.000  0.000    0.000   -3.000   -5.000   -0.002474
621.900 -999.000  0.000    0.000   -3.000   -5.000   -0.000785
666.754 -999.000  0.000    0.000   -3.000   -5.000   0.000967
711.786 -999.000  0.000    0.000   -3.000   -5.000   0.002729
756.996 -999.000  0.000    0.000   -3.000   -5.000   0.004446
806.944 -999.000  0.000    0.000   -3.000   -5.000   0.005606
857.092 -999.000  0.000    0.000   -3.000   -5.000   0.005975
902.881 -999.000  0.000    0.000   -3.000   -5.000   0.005520
948.853 -999.000  0.000    0.000   -3.000   -5.000   0.004128
999.646 -999.000  0.000    0.000   -3.000   -5.000   0.002276
1055.303 -999.000  0.000    0.000   -3.000   -5.000   0.000416
1106.551 -999.000  0.000    0.000   -3.000   -5.000   -0.000726
1158.050 -999.000  0.000    0.000   -3.000   -5.000   -0.001729
1214.489 -999.000  0.000    0.000   -3.000   -5.000   -0.003190
1271.214 -999.000  0.000    0.000   -3.000   -5.000   -0.005167
1328.230 -999.000  0.000    0.000   -3.000   -5.000   -0.008003
1390.346 -999.000  0.000    0.000   -3.000   -5.000   -0.012021
1452.790 -999.000  0.000    0.000   -3.000   -5.000   -0.016804
1510.766 -999.000  0.000    0.000   -3.000   -5.000   -0.021722
1569.056 -999.000  0.000    0.000   -3.000   -5.000   -0.026842
1632.579 -999.000  0.000    0.000   -3.000   -5.000   -0.032060
1696.455 -999.000  0.000    0.000   -3.000   -5.000   -0.036930
1765.728 -999.000  0.000    0.000   -3.000   -5.000   -0.041825
1830.388 -999.000  0.000    0.000   -3.000   -5.000   -0.046143
1895.542 -999.000  0.000    0.000   -3.000   -5.000   -0.050519
1971.156 -999.000  0.000    0.000   -3.000   -5.000   -0.055411
2047.361 -999.000  0.000    0.000   -3.000   -5.000   -0.059836
2134.412 -999.000  0.000    0.000   -3.000   -5.000   -0.064426
2227.378 -999.000  0.000    0.000   -3.000   -5.000   -0.067201
2514.037 -999.000  0.000    0.000   -3.000   -5.000   -0.064818
3017.161 -999.000  0.000    0.000   -3.000   -5.000   -0.061645
3576.183 -999.000  0.000    0.000   -3.000   -5.000   -0.065537
4193.078 -999.000  0.000    0.000   -3.000   -5.000   -0.070832
4857.795 -999.000  0.000    0.000   -3.000   -5.000   -0.058354
5578.999 -999.000  0.000    0.000   -3.000   -5.000   -0.019947
6333.516 -999.000  0.000    0.000   -3.000   -5.000   0.019429
7084.564 -999.000  0.000    0.000   -3.000   -5.000   0.042241
7836.234 -999.000  0.000    0.000   -3.000   -5.000   0.056965
8582.901 -999.000  0.000    0.000   -3.000   -5.000   0.051336
9330.266 -999.000  0.000    0.000   -3.000   -5.000   0.016979
10083.780 -999.000  0.000    0.000   -3.000   -5.000   -0.017307
10827.658 -999.000  0.000    0.000   -3.000   -5.000   -0.035035
11568.746 -999.000  0.000    0.000   -3.000   -5.000   -0.038900
12316.295 -999.000  0.000    0.000   -3.000   -5.000   -0.030200
13068.287 -999.000  0.000    0.000   -3.000   -5.000   -0.041885
13822.677 -999.000  0.000    0.000   -3.000   -5.000   -0.093291
14556.426 -999.000  0.000    0.000   -3.000   -5.000   -0.128775
15307.969 -999.000  0.000    0.000   -3.000   -5.000   -0.099009
16072.348 -999.000  0.000    0.000   -3.000   -5.000   -0.027482
16863.248 -999.000  0.000    0.000   -3.000   -5.000   0.039474
17750.090 -999.000  0.000    0.000   -3.000   -5.000   0.059055
18738.941 -999.000  0.000    0.000   -3.000   -5.000   0.025387
19913.666 -999.000  0.000    0.000   -3.000   -5.000   -0.002737
0.125,    66,   1010.09    day,levels,pres0
75.867 -999.000  0.000    0.000   -3.000   -5.000   -0.000667
110.036 -999.000  0.000    0.000   -3.000   -5.000   -0.002048
144.299 -999.000  0.000    0.000   -3.000   -5.000   -0.003364
178.659 -999.000  0.000    0.000   -3.000   -5.000   -0.004200
217.444 -999.000  0.000    0.000   -3.000   -5.000   -0.004829
256.352 -999.000  0.000    0.000   -3.000   -5.000   -0.005313
295.420 -999.000  0.000    0.000   -3.000   -5.000   -0.005613
334.613 -999.000  0.000    0.000   -3.000   -5.000   -0.005957
369.576 -999.000  0.000    0.000   -3.000   -5.000   -0.006084
409.048 -999.000  0.000    0.000   -3.000   -5.000   -0.006139
448.645 -999.000  0.000    0.000   -3.000   -5.000   -0.006047
488.396 -999.000  0.000    0.000   -3.000   -5.000   -0.005320
532.722 -999.000  0.000    0.000   -3.000   -5.000   -0.004008
577.222 -999.000  0.000    0.000   -3.000   -5.000   -0.002474
621.900 -999.000  0.000    0.000   -3.000   -5.000   -0.000785
666.754 -999.000  0.000    0.000   -3.000   -5.000   0.000967
711.786 -999.000  0.000    0.000   -3.000   -5.000   0.002729
756.996 -999.000  0.000    0.000   -3.000   -5.000   0.004446
806.944 -999.000  0.000    0.000   -3.000   -5.000   0.005606
857.092 -999.000  0.000    0.000   -3.000   -5.000   0.005975
902.881 -999.000  0.000    0.000   -3.000   -5.000   0.005520
948.853 -999.000  0.000    0.000   -3.000   -5.000   0.004128
999.646 -999.000  0.000    0.000   -3.000   -5.000   0.002276
1055.303 -999.000  0.000    0.000   -3.000   -5.000   0.000416
1106.551 -999.000  0.000    0.000   -3.000   -5.000   -0.000726
1158.050 -999.000  0.000    0.000   -3.000   -5.000   -0.001729
1214.489 -999.000  0.000    0.000   -3.000   -5.000   -0.003190
1271.214 -999.000  0.000    0.000   -3.000   -5.000   -0.005167
1328.230 -999.000  0.000    0.000   -3.000   -5.000   -0.008003
1390.346 -999.000  0.000    0.000   -3.000   -5.000   -0.012021
1452.790 -999.000  0.000    0.000   -3.000   -5.000   -0.016804
1510.766 -999.000  0.000    0.000   -3.000   -5.000   -0.021722
1569.056 -999.000  0.000    0.000   -3.000   -5.000   -0.026842
1632.579 -999.000  0.000    0.000   -3.000   -5.000   -0.032060
1696.455 -999.000  0.000    0.000   -3.000   -5.000   -0.036930
1765.728 -999.000  0.000    0.000   -3.000   -5.000   -0.041825
1830.388 -999.000  0.000    0.000   -3.000   -5.000   -0.046143
1895.542 -999.000  0.000    0.000   -3.000   -5.000   -0.050519
1971.156 -999.000  0.000    0.000   -3.000   -5.000   -0.055411
2047.361 -999.000  0.000    0.000   -3.000   -5.000   -0.059836
2134.412 -999.000  0.000    0.000   -3.000   -5.000   -0.064426
2227.378 -999.000  0.000    0.000   -3.000   -5.000   -0.067201
2514.037 -999.000  0.000    0.000   -3.000   -5.000   -0.064818
3017.161 -999.000  0.000    0.000   -3.000   -5.000   -0.061645
3576.183 -999.000  0.000    0.000   -3.000   -5.000   -0.065537
4193.078 -999.000  0.000    0.000   -3.000   -5.000   -0.070832
4857.795 -999.000  0.000    0.000   -3.000   -5.000   -0.058354
5578.999 -999.000  0.000    0.000   -3.000   -5.000   -0.019947
6333.516 -999.000  0.000    0.000   -3.000   -5.000   0.019429
7084.564 -999.000  0.000    0.000   -3.000   -5.000   0.042241
7836.234 -999.000  0.000    0.000   -3.000   -5.000   0.056965
8582.901 -999.000  0.000    0.000   -3.000   -5.000   0.051336
9330.266 -999.000  0.000    0.000   -3.000   -5.000   0.016979
10083.780 -999.000  0.000    0.000   -3.000   -5.000   -0.017307
10827.658 -999.000  0.000    0.000   -3.000   -5.000   -0.035035
11568.746 -999.000  0.000    0.000   -3.000   -5.000   -0.038900
12316.295 -999.000  0.000    0.000   -3.000   -5.000   -0.030200
13068.287 -999.000  0.000    0.000   -3.000   -5.000   -0.041885
13822.677 -999.000  0.000    0.000   -3.000   -5.000   -0.093291
14556.426 -999.000  0.000    0.000   -3.000   -5.000   -0.128775
15307.969 -999.000  0.000    0.000   -3.000   -5.000   -0.099009
16072.348 -999.000  0.000    0.000   -3.000   -5.000   -0.027482
16863.248 -999.000  0.000    0.000   -3.000   -5.000   0.039474
17750.090 -999.000  0.000    0.000   -3.000   -5.000   0.059055
18738.941 -999.000  0.000    0.000   -3.000   -5.000   0.025387
19913.666 -999.000  0.000    0.000   -3.000   -5.000   -0.002737
0.167,    66,   1010.09    day,levels,pres0
75.867 -999.000  0.000    0.000   -3.000   -5.000   -0.000667
110.036 -999.000  0.000    0.000   -3.000   -5.000   -0.002048
144.299 -999.000  0.000    0.000   -3.000   -5.000   -0.003364
178.659 -999.000  0.000    0.000   -3.000   -5.000   -0.004200
217.444 -999.000  0.000    0.000   -3.000   -5.000   -0.004829
256.352 -999.000  0.000    0.000   -3.000   -5.000   -0.005313
295.420 -999.000  0.000    0.000   -3.000   -5.000   -0.005613
334.613 -999.000  0.000    0.000   -3.000   -5.000   -0.005957
369.576 -999.000  0.000    0.000   -3.000   -5.000   -0.006084
409.048 -999.000  0.000    0.000   -3.000   -5.000   -0.006139
448.645 -999.000  0.000    0.000   -3.000   -5.000   -0.006047
488.396 -999.000  0.000    0.000   -3.000   -5.000   -0.005320
532.722 -999.000  0.000    0.000   -3.000   -5.000   -0.004008
577.222 -999.000  0.000    0.000   -3.000   -5.000   -0.002474
621.900 -999.000  0.000    0.000   -3.000   -5.000   -0.000785
666.754 -999.000  0.000    0.000   -3.000   -5.000   0.000967
711.786 -999.000  0.000    0.000   -3.000   -5.000   0.002729
756.996 -999.000  0.000    0.000   -3.000   -5.000   0.004446
806.944 -999.000  0.000    0.000   -3.000   -5.000   0.005606
857.092 -999.000  0.000    0.000   -3.000   -5.000   0.005975
902.881 -999.000  0.000    0.000   -3.000   -5.000   0.005520
948.853 -999.000  0.000    0.000   -3.000   -5.000   0.004128
999.646 -999.000  0.000    0.000   -3.000   -5.000   0.002276
1055.303 -999.000  0.000    0.000   -3.000   -5.000   0.000416
1106.551 -999.000  0.000    0.000   -3.000   -5.000   -0.000726
1158.050 -999.000  0.000    0.000   -3.000   -5.000   -0.001729
1214.489 -999.000  0.000    0.000   -3.000   -5.000   -0.003190
1271.214 -999.000  0.000    0.000   -3.000   -5.000   -0.005167
1328.230 -999.000  0.000    0.000   -3.000   -5.000   -0.008003
1390.346 -999.000  0.000    0.000   -3.000   -5.000   -0.012021
1452.790 -999.000  0.000    0.000   -3.000   -5.000   -0.016804
1510.766 -999.000  0.000    0.000   -3.000   -5.000   -0.021722
1569.056 -999.000  0.000    0.000   -3.000   -5.000   -0.026842
1632.579 -999.000  0.000    0.000   -3.000   -5.000   -0.032060
1696.455 -999.000  0.000    0.000   -3.000   -5.000   -0.036930
1765.728 -999.000  0.000    0.000   -3.000   -5.000   -0.041825
1830.388 -999.000  0.000    0.000   -3.000   -5.000   -0.046143
1895.542 -999.000  0.000    0.000   -3.000   -5.000   -0.050519
1971.156 -999.000  0.000    0.000   -3.000   -5.000   -0.055411
2047.361 -999.000  0.000    0.000   -3.000   -5.000   -0.059836
2134.412 -999.000  0.000    0.000   -3.000   -5.000   -0.064426
2227.378 -999.000  0.000    0.000   -3.000   -5.000   -0.067201
2514.037 -999.000  0.000    0.000   -3.000   -5.000   -0.064818
3017.161 -999.000  0.000    0.000   -3.000   -5.000   -0.061645
3576.183 -999.000  0.000    0.000   -3.000   -5.000   -0.065537
4193.078 -999.000  0.000    0.000   -3.000   -5.000   -0.070832
4857.795 -999.000  0.000    0.000   -3.000   -5.000   -0.058354
5578.999 -999.000  0.000    0.000   -3.000   -5.000   -0.019947
6333.516 -999.000  0.000    0.000   -3.000   -5.000   0.019429
7084.564 -999.000  0.000    0.000   -3.000   -5.000   0.042241
7836.234 -999.000  0.000    0.000   -3.000   -5.000   0.056965
8582.901 -999.000  0.000    0.000   -3.000   -5.000   0.051336
9330.266 -999.000  0.000    0.000   -3.000   -5.000   0.016979
10083.780 -999.000  0.000    0.000   -3.000   -5.000   -0.017307
10827.658 -999.000  0.000    0.000   -3.000   -5.000   -0.035035
11568.746 -999.000  0.000    0.000   -3.000   -5.000   -0.038900
12316.295 -999.000  0.000    0.000   -3.000   -5.000   -0.030200
13068.287 -999.000  0.000    0.000   -3.000   -5.000   -0.041885
13822.677 -999.000  0.000    0.000   -3.000   -5.000   -0.093291
14556.426 -999.000  0.000    0.000   -3.000   -5.000   -0.128775
15307.969 -999.000  0.000    0.000   -3.000   -5.000   -0.099009
16072.348 -999.000  0.000    0.000   -3.000   -5.000   -0.027482
16863.248 -999.000  0.000    0.000   -3.000   -5.000   0.039474
17750.090 -999.000  0.000    0.000   -3.000   -5.000   0.059055
18738.941 -999.000  0.000    0.000   -3.000   -5.000   0.025387
19913.666 -999.000  0.000    0.000   -3.000   -5.000   -0.002737
0.208,    66,   1010.09    day,levels,pres0
75.867 -999.000  0.000    0.000   -3.000   -5.000   -0.000667
110.036 -999.000  0.000    0.000   -3.000   -5.000   -0.002048
144.299 -999.000  0.000    0.000   -3.000   -5.000   -0.003364
178.659 -999.000  0.000    0.000   -3.000   -5.000   -0.004200
217.444 -999.000  0.000    0.000   -3.000   -5.000   -0.004829
256.352 -999.000  0.000    0.000   -3.000   -5.000   -0.005313
295.420 -999.000  0.000    0.000   -3.000   -5.000   -0.005613
334.613 -999.000  0.000    0.000   -3.000   -5.000   -0.005957
369.576 -999.000  0.000    0.000   -3.000   -5.000   -0.006084
409.048 -999.000  0.000    0.000   -3.000   -5.000   -0.006139
448.645 -999.000  0.000    0.000   -3.000   -5.000   -0.006047
488.396 -999.000  0.000    0.000   -3.000   -5.000   -0.005320
532.722 -999.000  0.000    0.000   -3.000   -5.000   -0.004008
577.222 -999.000  0.000    0.000   -3.000   -5.000   -0.002474
621.900 -999.000  0.000    0.000   -3.000   -5.000   -0.000785
666.754 -999.000  0.000    0.000   -3.000   -5.000   0.000967
711.786 -999.000  0.000    0.000   -3.000   -5.000   0.002729
756.996 -999.000  0.000    0.000   -3.000   -5.000   0.004446
806.944 -999.000  0.000    0.000   -3.000   -5.000   0.005606
857.092 -999.000  0.000    0.000   -3.000   -5.000   0.005975
902.881 -999.000  0.000    0.000   -3.000   -5.000   0.005520
948.853 -999.000  0.000    0.000   -3.000   -5.000   0.004128
999.646 -999.000  0.000    0.000   -3.000   -5.000   0.002276
1055.303 -999.000  0.000    0.000   -3.000   -5.000   0.000416
1106.551 -999.000  0.000    0.000   -3.000   -5.000   -0.000726
1158.050 -999.000  0.000    0.000   -3.000   -5.000   -0.001729
1214.489 -999.000  0.000    0.000   -3.000   -5.000   -0.003190
1271.214 -999.000  0.000    0.000   -3.000   -5.000   -0.005167
1328.230 -999.000  0.000    0.000   -3.000   -5.000   -0.008003
1390.346 -999.000  0.000    0.000   -3.000   -5.000   -0.012021
1452.790 -999.000  0.000    0.000   -3.000   -5.000   -0.016804
1510.766 -999.000  0.000    0.000   -3.000   -5.000   -0.021722
1569.056 -999.000  0.000    0.000   -3.000   -5.000   -0.026842
1632.579 -999.000  0.000    0.000   -3.000   -5.000   -0.032060
1696.455 -999.000  0.000    0.000   -3.000   -5.000   -0.036930
1765.728 -999.000  0.000    0.000   -3.000   -5.000   -0.041825
1830.388 -999.000  0.000    0.000   -3.000   -5.000   -0.046143
1895.542 -999.000  0.000    0.000   -3.000   -5.000   -0.050519
1971.156 -999.000  0.000    0.000   -3.000   -5.000   -0.055411
2047.361 -999.000  0.000    0.000   -3.000   -5.000   -0.059836
2134.412 -999.000  0.000    0.000   -3.000   -5.000   -0.064426
2227.378 -999.000  0.000    0.000   -3.000   -5.000   -0.067201
2514.037 -999.000  0.000    0.000   -3.000   -5.000   -0.064818
3017.161 -999.000  0.000    0.000   -3.000   -5.000   -0.061645
3576.183 -999.000  0.000    0.000   -3.000   -5.000   -0.065537
4193.078 -999.000  0.000    0.000   -3.000   -5.000   -0.070832
4857.795 -999.000  0.000    0.000   -3.000   -5.000   -0.058354
5578.999 -999.000  0.000    0.000   -3.000   -5.000   -0.019947
6333.516 -999.000  0.000    0.000   -3.000   -5.000   0.019429
7084.564 -999.000  0.000    0.000   -3.000   -5.000   0.042241
7836.234 -999.000  0.000    0.000   -3.000   -5.000   0.056965
8582.901 -999.000  0.000    0.000   -3.000   -5.000   0.051336
9330.266 -999.000  0.000    0.000   -3.000   -5.000   0.016979
10083.780 -999.000  0.000    0.000   -3.000   -5.000   -0.017307
10827.658 -999.000  0.000    0.000   -3.000   -5.000   -0.035035
11568.746 -999.000  0.000    0.000   -3.000   -5.000   -0.038900
12316.295 -999.000  0.000    0.000   -3.000   -5.000   -0.030200
13068.287 -999.000  0.000    0.000   -3.000   -5.000   -0.041885
13822.677 -999.000  0.000    0.000   -3.000   -5.000   -0.093291
14556.426 -999.000  0.000    0.000   -3.000   -5.000   -0.128775
15307.969 -999.000  0.000    0.000   -3.000   -5.000   -0.099009
16072.348 -999.000  0.000    0.000   -3.000   -5.000   -0.027482
16863.248 -999.000  0.000    0.000   -3.000   -5.000   0.039474
17750.090 -999.000  0.000    0.000   -3.000   -5.000   0.059055
18738.941 -999.000  0.000    0.000   -3.000   -5.000   0.025387
19913.666 -999.000  0.000    0.000   -3.000   -5.000   -0.002737
0.250,    66,   1010.09    day,levels,pres0
75.867 -999.000  0.000    0.000   -3.000   -5.000   -0.000667
110.036 -999.000  0.000    0.000   -3.000   -5.000   -0.002048
144.299 -999.000  0.000    0.000   -3.000   -5.000   -0.003364
178.659 -999.000  0.000    0.000   -3.000   -5.000   -0.004200
217.444 -999.000  0.000    0.000   -3.000   -5.000   -0.004829
256.352 -999.000  0.000    0.000   -3.000   -5.000   -0.005313
295.420 -999.000  0.000    0.000   -3.000   -5.000   -0.005613
334.613 -999.000  0.000    0.000   -3.000   -5.000   -0.005957
369.576 -999.000  0.000    0.000   -3.000   -5.000   -0.006084
409.048 -999.000  0.000    0.000   -3.000   -5.000   -0.006139
448.645 -999.000  0.000    0.000   -3.000   -5.000   -0.006047
488.396 -999.000  0.000    0.000   -3.000   -5.000   -0.005320
532.722 -999.000  0.000    0.000   -3.000   -5.000   -0.004008
577.222 -999.000  0.000    0.000   -3.000   -5.000   -0.002474
621.900 -999.000  0.000    0.000   -3.000   -5.000   -0.000785
666.754 -999.000  0.000    0.000   -3.000   -5.000   0.000967
711.786 -999.000  0.000    0.000   -3.000   -5.000   0.002729
756.996 -999.000  0.000    0.000   -3.000   -5.000   0.004446
806.944 -999.000  0.000    0.000   -3.000   -5.000   0.005606
857.092 -999.000  0.000    0.000   -3.000   -5.000   0.005975
902.881 -999.000  0.000    0.000   -3.000   -5.000   0.005520
948.853 -999.000  0.000    0.000   -3.000   -5.000   0.004128
999.646 -999.000  0.000    0.000   -3.000   -5.000   0.002276
1055.303 -999.000  0.000    0.000   -3.000   -5.000   0.000416
1106.551 -999.000  0.000    0.000   -3.000   -5.000   -0.000726
1158.050 -999.000  0.000    0.000   -3.000   -5.000   -0.001729
1214.489 -999.000  0.000    0.000   -3.000   -5.000   -0.003190
1271.214 -999.000  0.000    0.000   -3.000   -5.000   -0.005167
1328.230 -999.000  0.000    0.000   -3.000   -5.000   -0.008003
1390.346 -999.000  0.000    0.000   -3.000   -5.000   -0.012021
1452.790 -999.000  0.000    0.000   -3.000   -5.000   -0.016804
1510.766 -999.000  0.000    0.000   -3.000   -5.000   -0.021722
1569.056 -999.000  0.000    0.000   -3.000   -5.000   -0.026842
1632.579 -999.000  0.000    0.000   -3.000   -5.000   -0.032060
1696.455 -999.000  0.000    0.000   -3.000   -5.000   -0.036930
1765.728 -999.000  0.000    0.000   -3.000   -5.000   -0.041825
1830.388 -999.000  0.000    0.000   -3.000   -5.000   -0.046143
1895.542 -999.000  0.000    0.000   -3.000   -5.000   -0.050519
1971.156 -999.000  0.000    0.000   -3.000   -5.000   -0.055411
2047.361 -999.000  0.000    0.000   -3.000   -5.000   -0.059836
2134.412 -999.000  0.000    0.000   -3.000   -5.000   -0.064426
2227.378 -999.000  0.000    0.000   -3.000   -5.000   -0.067201
2514.037 -999.000  0.000    0.000   -3.000   -5.000   -0.064818
3017.161 -999.000  0.000    0.000   -3.000   -5.000   -0.061645
3576.183 -999.000  0.000    0.000   -3.000   -5.000   -0.065537
4193.078 -999.000  0.000    0.000   -3.000   -5.000   -0.070832
4857.795 -999.000  0.000    0.000   -3.000   -5.000   -0.058354
5578.999 -999.000  0.000    0.000   -3.000   -5.000   -0.019947
6333.516 -999.000  0.000    0.000   -3.000   -5.000   0.019429
7084.564 -999.000  0.000    0.000   -3.000   -5.000   0.042241
7836.234 -999.000  0.000    0.000   -3.000   -5.000   0.056965
8582.901 -999.000  0.000    0.000   -3.000   -5.000   0.051336
9330.266 -999.000  0.000    0.000   -3.000   -5.000   0.016979
10083.780 -999.000  0.000    0.000   -3.000   -5.000   -0.017307
10827.658 -999.000  0.000    0.000   -3.000   -5.000   -0.035035
11568.746 -999.000  0.000    0.000   -3.000   -5.000   -0.038900
12316.295 -999.000  0.000    0.000   -3.000   -5.000   -0.030200
13068.287 -999.000  0.000    0.000   -3.000   -5.000   -0.041885
13822.677 -999.000  0.000    0.000   -3.000   -5.000   -0.093291
14556.426 -999.000  0.000    0.000   -3.000   -5.000   -0.128775
15307.969 -999.000  0.000    0.000   -3.000   -5.000   -0.099009
16072.348 -999.000  0.000    0.000   -3.000   -5.000   -0.027482
16863.248 -999.000  0.000    0.000   -3.000   -5.000   0.039474
17750.090 -999.000  0.000    0.000   -3.000   -5.000   0.059055
18738.941 -999.000  0.000    0.000   -3.000   -5.000   0.025387
19913.666 -999.000  0.000    0.000   -3.000   -5.000   -0.002737
0.292,    66,   1010.09    day,levels,pres0
75.867 -999.000  0.000    0.000   -3.000   -5.000   -0.000667
110.036 -999.000  0.000    0.000   -3.000   -5.000   -0.002048
144.299 -999.000  0.000    0.000   -3.000   -5.000   -0.003364
178.659 -999.000  0.000    0.000   -3.000   -5.000   -0.004200
217.444 -999.000  0.000    0.000   -3.000   -5.000   -0.004829
256.352 -999.000  0.000    0.000   -3.000   -5.000   -0.005313
295.420 -999.000  0.000    0.000   -3.000   -5.000   -0.005613
334.613 -999.000  0.000    0.000   -3.000   -5.000   -0.005957
369.576 -999.000  0.000    0.000   -3.000   -5.000   -0.006084
409.048 -999.000  0.000    0.000   -3.000   -5.000   -0.006139
448.645 -999.000  0.000    0.000   -3.000   -5.000   -0.006047
488.396 -999.000  0.000    0.000   -3.000   -5.000   -0.005320
532.722 -999.000  0.000    0.000   -3.000   -5.000   -0.004008
577.222 -999.000  0.000    0.000   -3.000   -5.000   -0.002474
621.900 -999.000  0.000    0.000   -3.000   -5.000   -0.000785
666.754 -999.000  0.000    0.000   -3.000   -5.000   0.000967
711.786 -999.000  0.000    0.000   -3.000   -5.000   0.002729
756.996 -999.000  0.000    0.000   -3.000   -5.000   0.004446
806.944 -999.000  0.000    0.000   -3.000   -5.000   0.005606
857.092 -999.000  0.000    0.000   -3.000   -5.000   0.005975
902.881 -999.000  0.000    0.000   -3.000   -5.000   0.005520
948.853 -999.000  0.000    0.000   -3.000   -5.000   0.004128
999.646 -999.000  0.000    0.000   -3.000   -5.000   0.002276
1055.303 -999.000  0.000    0.000   -3.000   -5.000   0.000416
1106.551 -999.000  0.000    0.000   -3.000   -5.000   -0.000726
1158.050 -999.000  0.000    0.000   -3.000   -5.000   -0.001729
1214.489 -999.000  0.000    0.000   -3.000   -5.000   -0.003190
1271.214 -999.000  0.000    0.000   -3.000   -5.000   -0.005167
1328.230 -999.000  0.000    0.000   -3.000   -5.000   -0.008003
1390.346 -999.000  0.000    0.000   -3.000   -5.000   -0.012021
1452.790 -999.000  0.000    0.000   -3.000   -5.000   -0.016804
1510.766 -999.000  0.000    0.000   -3.000   -5.000   -0.021722
1569.056 -999.000  0.000    0.000   -3.000   -5.000   -0.026842
1632.579 -999.000  0.000    0.000   -3.000   -5.000   -0.032060
1696.455 -999.000  0.000    0.000   -3.000   -5.000   -0.036930
1765.728 -999.000  0.000    0.000   -3.000   -5.000   -0.041825
1830.388 -999.000  0.000    0.000   -3.000   -5.000   -0.046143
1895.542 -999.000  0.000    0.000   -3.000   -5.000   -0.050519
1971.156 -999.000  0.000    0.000   -3.000   -5.000   -0.055411
2047.361 -999.000  0.000    0.000   -3.000   -5.000   -0.059836
2134.412 -999.000  0.000    0.000   -3.000   -5.000   -0.064426
2227.378 -999.000  0.000    0.000   -3.000   -5.000   -0.067201
2514.037 -999.000  0.000    0.000   -3.000   -5.000   -0.064818
3017.161 -999.000  0.000    0.000   -3.000   -5.000   -0.061645
3576.183 -999.000  0.000    0.000   -3.000   -5.000   -0.065537
4193.078 -999.000  0.000    0.000   -3.000   -5.000   -0.070832
4857.795 -999.000  0.000    0.000   -3.000   -5.000   -0.058354
5578.999 -999.000  0.000    0.000   -3.000   -5.000   -0.019947
6333.516 -999.000  0.000    0.000   -3.000   -5.000   0.019429
7084.564 -999.000  0.000    0.000   -3.000   -5.000   0.042241
7836.234 -999.000  0.000    0.000   -3.000   -5.000   0.056965
8582.901 -999.000  0.000    0.000   -3.000   -5.000   0.051336
9330.266 -999.000  0.000    0.000   -3.000   -5.000   0.016979
10083.780 -999.000  0.000    0.000   -3.000   -5.000   -0.017307
10827.658 -999.000  0.000    0.000   -3.000   -5.000   -0.035035
11568.746 -999.000  0.000    0.000   -3.000   -5.000   -0.038900
12316.295 -999.000  0.000    0.000   -3.000   -5.000   -0.030200
13068.287 -999.000  0.000    0.000   -3.000   -5.000   -0.041885
13822.677 -999.000  0.000    0.000   -3.000   -5.000   -0.093291
14556.426 -999.000  0.000    0.000   -3.000   -5.000   -0.128775
15307.969 -999.000  0.000    0.000   -3.000   -5.000   -0.099009
16072.348 -999.000  0.000    0.000   -3.000   -5.000   -0.027482
16863.248 -999.000  0.000    0.000   -3.000   -5.000   0.039474
17750.090 -999.000  0.000    0.000   -3.000   -5.000   0.059055
18738.941 -999.000  0.000    0.000   -3.000   -5.000   0.025387
19913.666 -999.000  0.000    0.000   -3.000   -5.000   -0.002737
0.333,    66,   1010.09    day,levels,pres0
75.867 -999.000  0.000    0.000   -3.000   -5.000   -0.000667
110.036 -999.000  0.000    0.000   -3.000   -5.000   -0.002048
144.299 -999.000  0.000    0.000   -3.000   -5.000   -0.003364
178.659 -999.000  0.000    0.000   -3.000   -5.000   -0.004200
217.444 -999.000  0.000    0.000   -3.000   -5.000   -0.004829
256.352 -999.000  0.000    0.000   -3.000   -5.000   -0.005313
295.420 -999.000  0.000    0.000   -3.000   -5.000   -0.005613
334.613 -999.000  0.000    0.000   -3.000   -5.000   -0.005957
369.576 -999.000  0.000    0.000   -3.000   -5.000   -0.006084
409.048 -999.000  0.000    0.000   -3.000   -5.000   -0.006139
448.645 -999.000  0.000    0.000   -3.000   -5.000   -0.006047
488.396 -999.000  0.000    0.000   -3.000   -5.000   -0.005320
532.722 -999.000  0.000    0.000   -3.000   -5.000   -0.004008
577.222 -999.000  0.000    0.000   -3.000   -5.000   -0.002474
621.900 -999.000  0.000    0.000   -3.000   -5.000   -0.000785
666.754 -999.000  0.000    0.000   -3.000   -5.000   0.000967
711.786 -999.000  0.000    0.000   -3.000   -5.000   0.002729
756.996 -999.000  0.000    0.000   -3.000   -5.000   0.004446
806.944 -999.000  0.000    0.000   -3.000   -5.000   0.005606
857.092 -999.000  0.000    0.000   -3.000   -5.000   0.005975
902.881 -999.000  0.000    0.000   -3.000   -5.000   0.005520
948.853 -999.000  0.000    0.000   -3.000   -5.000   0.004128
999.646 -999.000  0.000    0.000   -3.000   -5.000   0.002276
1055.303 -999.000  0.000    0.000   -3.000   -5.000   0.000416
1106.551 -999.000  0.000    0.000   -3.000   -5.000   -0.000726
1158.050 -999.000  0.000    0.000   -3.000   -5.000   -0.001729
1214.489 -999.000  0.000    0.000   -3.000   -5.000   -0.003190
1271.214 -999.000  0.000    0.000   -3.000   -5.000   -0.005167
1328.230 -999.000  0.000    0.000   -3.000   -5.000   -0.008003
1390.346 -999.000  0.000    0.000   -3.000   -5.000   -0.012021
1452.790 -999.000  0.000    0.000   -3.000   -5.000   -0.016804
1510.766 -999.000  0.000    0.000   -3.000   -5.000   -0.021722
1569.056 -999.000  0.000    0.000   -3.000   -5.000   -0.026842
1632.579 -999.000  0.000    0.000   -3.000   -5.000   -0.032060
1696.455 -999.000  0.000    0.000   -3.000   -5.000   -0.036930
1765.728 -999.000  0.000    0.000   -3.000   -5.000   -0.041825
1830.388 -999.000  0.000    0.000   -3.000   -5.000   -0.046143
1895.542 -999.000  0.000    0.000   -3.000   -5.000   -0.050519
1971.156 -999.000  0.000    0.000   -3.000   -5.000   -0.055411
2047.361 -999.000  0.000    0.000   -3.000   -5.000   -0.059836
2134.412 -999.000  0.000    0.000   -3.000   -5.000   -0.064426
2227.378 -999.000  0.000    0.000   -3.000   -5.000   -0.067201
2514.037 -999.000  0.000    0.000   -3.000   -5.000   -0.064818
3017.161 -999.000  0.000    0.000   -3.000   -5.000   -0.061645
3576.183 -999.000  0.000    0.000   -3.000   -5.000   -0.065537
4193.078 -999.000  0.000    0.000   -3.000   -5.000   -0.070832
4857.795 -999.000  0.000    0.000   -3.000   -5.000   -0.058354
5578.999 -999.000  0.000    0.000   -3.000   -5.000   -0.019947
6333.516 -999.000  0.000    0.000   -3.000   -5.000   0.019429
7084.564 -999.000  0.000    0.000   -3.000   -5.000   0.042241
7836.234 -999.000  0.000    0.000   -3.000   -5.000   0.056965
8582.901 -999.000  0.000    0.000   -3.000   -5.000   0.051336
9330.266 -999.000  0.000    0.000   -3.000   -5.000   0.016979
10083.780 -999.000  0.000    0.000   -3.000   -5.000   -0.017307
10827.658 -999.000  0.000    0.000   -3.000   -5.000   -0.035035
11568.746 -999.000  0.000    0.000   -3.000   -5.000   -0.038900
12316.295 -999.000  0.000    0.000   -3.000   -5.000   -0.030200
13068.287 -999.000  0.000    0.000   -3.000   -5.000   -0.041885
13822.677 -999.000  0.000    0.000   -3.000   -5.000   -0.093291
14556.426 -999.000  0.000    0.000   -3.000   -5.000   -0.128775
15307.969 -999.000  0.000    0.000   -3.000   -5.000   -0.099009
16072.348 -999.000  0.000    0.000   -3.000   -5.000   -0.027482
16863.248 -999.000  0.000    0.000   -3.000   -5.000   0.039474
17750.090 -999.000  0.000    0.000   -3.000   -5.000   0.059055
18738.941 -999.000  0.000    0.000   -3.000   -5.000   0.025387
19913.666 -999.000  0.000    0.000   -3.000   -5.000   -0.002737
0.375,    66,   1010.09    day,levels,pres0
75.867 -999.000  0.000    0.000   -3.000   -5.000   -0.000667
110.036 -999.000  0.000    0.000   -3.000   -5.000   -0.002048
144.299 -999.000  0.000    0.000   -3.000   -5.000   -0.003364
178.659 -999.000  0.000    0.000   -3.000   -5.000   -0.004200
217.444 -999.000  0.000    0.000   -3.000   -5.000   -0.004829
256.352 -999.000  0.000    0.000   -3.000   -5.000   -0.005313
295.420 -999.000  0.000    0.000   -3.000   -5.000   -0.005613
334.613 -999.000  0.000    0.000   -3.000   -5.000   -0.005957
369.576 -999.000  0.000    0.000   -3.000   -5.000   -0.006084
409.048 -999.000  0.000    0.000   -3.000   -5.000   -0.006139
448.645 -999.000  0.000    0.000   -3.000   -5.000   -0.006047
488.396 -999.000  0.000    0.000   -3.000   -5.000   -0.005320
532.722 -999.000  0.000    0.000   -3.000   -5.000   -0.004008
577.222 -999.000  0.000    0.000   -3.000   -5.000   -0.002474
621.900 -999.000  0.000    0.000   -3.000   -5.000   -0.000785
666.754 -999.000  0.000    0.000   -3.000   -5.000   0.000967
711.786 -999.000  0.000    0.000   -3.000   -5.000   0.002729
756.996 -999.000  0.000    0.000   -3.000   -5.000   0.004446
806.944 -999.000  0.000    0.000   -3.000   -5.000   0.005606
857.092 -999.000  0.000    0.000   -3.000   -5.000   0.005975
902.881 -999.000  0.000    0.000   -3.000   -5.000   0.005520
948.853 -999.000  0.000    0.000   -3.000   -5.000   0.004128
999.646 -999.000  0.000    0.000   -3.000   -5.000   0.002276
1055.303 -999.000  0.000    0.000   -3.000   -5.000   0.000416
1106.551 -999.000  0.000    0.000   -3.000   -5.000   -0.000726
1158.050 -999.000  0.000    0.000   -3.000   -5.000   -0.001729
1214.489 -999.000  0.000    0.000   -3.000   -5.000   -0.003190
1271.214 -999.000  0.000    0.000   -3.000   -5.000   -0.005167
1328.230 -999.000  0.000    0.000   -3.000   -5.000   -0.008003
1390.346 -999.000  0.000    0.000   -3.000   -5.000   -0.012021
1452.790 -999.000  0.000    0.000   -3.000   -5.000   -0.016804
1510.766 -999.000  0.000    0.000   -3.000   -5.000   -0.021722
1569.056 -999.000  0.000    0.000   -3.000   -5.000   -0.026842
1632.579 -999.000  0.000    0.000   -3.000   -5.000   -0.032060
1696.455 -999.000  0.000    0.000   -3.000   -5.000   -0.036930
1765.728 -999.000  0.000    0.000   -3.000   -5.000   -0.041825
1830.388 -999.000  0.000    0.000   -3.000   -5.000   -0.046143
1895.542 -999.000  0.000    0.000   -3.000   -5.000   -0.050519
1971.156 -999.000  0.000    0.000   -3.000   -5.000   -0.055411
2047.361 -999.000  0.000    0.000   -3.000   -5.000   -0.059836
2134.412 -999.000  0.000    0.000   -3.000   -5.000   -0.064426
2227.378 -999.000  0.000    0.000   -3.000   -5.000   -0.067201
2514.037 -999.000  0.000    0.000   -3.000   -5.000   -0.064818
3017.161 -999.000  0.000    0.000   -3.000   -5.000   -0.061645
3576.183 -999.000  0.000    0.000   -3.000   -5.000   -0.065537
4193.078 -999.000  0.000    0.000   -3.000   -5.000   -0.070832
4857.795 -999.000  0.000    0.000   -3.000   -5.000   -0.058354
5578.999 -999.000  0.000    0.000   -3.000   -5.000   -0.019947
6333.516 -999.000  0.000    0.000   -3.000   -5.000   0.019429
7084.564 -999.000  0.000    0.000   -3.000   -5.000   0.042241
7836.234 -999.000  0.000    0.000   -3.000   -5.000   0.056965
8582.901 -999.000  0.000    0.000   -3.000   -5.000   0.051336
9330.266 -999.000  0.000    0.000   -3.000   -5.000   0.016979
10083.780 -999.000  0.000    0.000   -3.000   -5.000   -0.017307
10827.658 -999.000  0.000    0.000   -3.000   -5.000   -0.035035
11568.746 -999.000  0.000    0.000   -3.000   -5.000   -0.038900
12316.295 -999.000  0.000    0.000   -3.000   -5.000   -0.030200
13068.287 -999.000  0.000    0.000   -3.000   -5.000   -0.041885
13822.677 -999.000  0.000    0.000   -3.000   -5.000   -0.093291
14556.426 -999.000  0.000    0.000   -3.000   -5.000   -0.128775
15307.969 -999.000  0.000    0.000   -3.000   -5.000   -0.099009
16072.348 -999.000  0.000    0.000   -3.000   -5.000   -0.027482
16863.248 -999.000  0.000    0.000   -3.000   -5.000   0.039474
17750.090 -999.000  0.000    0.000   -3.000   -5.000   0.059055
18738.941 -999.000  0.000    0.000   -3.000   -5.000   0.025387
19913.666 -999.000  0.000    0.000   -3.000   -5.000   -0.002737
0.417,    66,   1010.09    day,levels,pres0
75.867 -999.000  0.000    0.000   -3.000   -5.000   -0.000667
110.036 -999.000  0.000    0.000   -3.000   -5.000   -0.002048
144.299 -999.000  0.000    0.000   -3.000   -5.000   -0.003364
178.659 -999.000  0.000    0.000   -3.000   -5.000   -0.004200
217.444 -999.000  0.000    0.000   -3.000   -5.000   -0.004829
256.352 -999.000  0.000    0.000   -3.000   -5.000   -0.005313
295.420 -999.000  0.000    0.000   -3.000   -5.000   -0.005613
334.613 -999.000  0.000    0.000   -3.000   -5.000   -0.005957
369.576 -999.000  0.000    0.000   -3.000   -5.000   -0.006084
409.048 -999.000  0.000    0.000   -3.000   -5.000   -0.006139
448.645 -999.000  0.000    0.000   -3.000   -5.000   -0.006047
488.396 -999.000  0.000    0.000   -3.000   -5.000   -0.005320
532.722 -999.000  0.000    0.000   -3.000   -5.000   -0.004008
577.222 -999.000  0.000    0.000   -3.000   -5.000   -0.002474
621.900 -999.000  0.000    0.000   -3.000   -5.000   -0.000785
666.754 -999.000  0.000    0.000   -3.000   -5.000   0.000967
711.786 -999.000  0.000    0.000   -3.000   -5.000   0.002729
756.996 -999.000  0.000    0.000   -3.000   -5.000   0.004446
806.944 -999.000  0.000    0.000   -3.000   -5.000   0.005606
857.092 -999.000  0.000    0.000   -3.000   -5.000   0.005975
902.881 -999.000  0.000    0.000   -3.000   -5.000   0.005520
948.853 -999.000  0.000    0.000   -3.000   -5.000   0.004128
999.646 -999.000  0.000    0.000   -3.000   -5.000   0.002276
1055.303 -999.000  0.000    0.000   -3.000   -5.000   0.000416
1106.551 -999.000  0.000    0.000   -3.000   -5.000   -0.000726
1158.050 -999.000  0.000    0.000   -3.000   -5.000   -0.001729
1214.489 -999.000  0.000    0.000   -3.000   -5.000   -0.003190
1271.214 -999.000  0.000    0.000   -3.000   -5.000   -0.005167
1328.230 -999.000  0.000    0.000   -3.000   -5.000   -0.008003
1390.346 -999.000  0.000    0.000   -3.000   -5.000   -0.012021
1452.790 -999.000  0.000    0.000   -3.000   -5.000   -0.016804
1510.766 -999.000  0.000    0.000   -3.000   -5.000   -0.021722
1569.056 -999.000  0.000    0.000   -3.000   -5.000   -0.026842
1632.579 -999.000  0.000    0.000   -3.000   -5.000   -0.032060
1696.455 -999.000  0.000    0.000   -3.000   -5.000   -0.036930
1765.728 -999.000  0.000    0.000   -3.000   -5.000   -0.041825
1830.388 -999.000  0.000    0.000   -3.000   -5.000   -0.046143
1895.542 -999.000  0.000    0.000   -3.000   -5.000   -0.050519
1971.156 -999.000  0.000    0.000   -3.000   -5.000   -0.055411
2047.361 -999.000  0.000    0.000   -3.000   -5.000   -0.059836
2134.412 -999.000  0.000    0.000   -3.000   -5.000   -0.064426
2227.378 -999.000  0.000    0.000   -3.000   -5.000   -0.067201
2514.037 -999.000  0.000    0.000   -3.000   -5.000   -0.064818
3017.161 -999.000  0.000    0.000   -3.000   -5.000   -0.061645
3576.183 -999.000  0.000    0.000   -3.000   -5.000   -0.065537
4193.078 -999.000  0.000    0.000   -3.000   -5.000   -0.070832
4857.795 -999.000  0.000    0.000   -3.000   -5.000   -0.058354
5578.999 -999.000  0.000    0.000   -3.000   -5.000   -0.019947
6333.516 -999.000  0.000    0.000   -3.000   -5.000   0.019429
7084.564 -999.000  0.000    0.000   -3.000   -5.000   0.042241
7836.234 -999.000  0.000    0.000   -3.000   -5.000   0.056965
8582.901 -999.000  0.000    0.000   -3.000   -5.000   0.051336
9330.266 -999.000  0.000    0.000   -3.000   -5.000   0.016979
10083.780 -999.000  0.000    0.000   -3.000   -5.000   -0.017307
10827.658 -999.000  0.000    0.000   -3.000   -5.000   -0.035035
11568.746 -999.000  0.000    0.000   -3.000   -5.000   -0.038900
12316.295 -999.000  0.000    0.000   -3.000   -5.000   -0.030200
13068.287 -999.000  0.000    0.000   -3.000   -5.000   -0.041885
13822.677 -999.000  0.000    0.000   -3.000   -5.000   -0.093291
14556.426 -999.000  0.000    0.000   -3.000   -5.000   -0.128775
15307.969 -999.000  0.000    0.000   -3.000   -5.000   -0.099009
16072.348 -999.000  0.000    0.000   -3.000   -5.000   -0.027482
16863.248 -999.000  0.000    0.000   -3.000   -5.000   0.039474
17750.090 -999.000  0.000    0.000   -3.000   -5.000   0.059055
18738.941 -999.000  0.000    0.000   -3.000   -5.000   0.025387
19913.666 -999.000  0.000    0.000   -3.000   -5.000   -0.002737
0.458,    66,   1010.09    day,levels,pres0
75.867 -999.000  0.000    0.000   -3.000   -5.000   -0.000667
110.036 -999.000  0.000    0.000   -3.000   -5.000   -0.002048
144.299 -999.000  0.000    0.000   -3.000   -5.000   -0.003364
178.659 -999.000  0.000    0.000   -3.000   -5.000   -0.004200
217.444 -999.000  0.000    0.000   -3.000   -5.000   -0.004829
256.352 -999.000  0.000    0.000   -3.000   -5.000   -0.005313
295.420 -999.000  0.000    0.000   -3.000   -5.000   -0.005613
334.613 -999.000  0.000    0.000   -3.000   -5.000   -0.005957
369.576 -999.000  0.000    0.000   -3.000   -5.000   -0.006084
409.048 -999.000  0.000    0.000   -3.000   -5.000   -0.006139
448.645 -999.000  0.000    0.000   -3.000   -5.000   -0.006047
488.396 -999.000  0.000    0.000   -3.000   -5.000   -0.005320
532.722 -999.000  0.000    0.000   -3.000   -5.000   -0.004008
577.222 -999.000  0.000    0.000   -3.000   -5.000   -0.002474
621.900 -999.000  0.000    0.000   -3.000   -5.000   -0.000785
666.754 -999.000  0.000    0.000   -3.000   -5.000   0.000967
711.786 -999.000  0.000    0.000   -3.000   -5.000   0.002729
756.996 -999.000  0.000    0.000   -3.000   -5.000   0.004446
806.944 -999.000  0.000    0.000   -3.000   -5.000   0.005606
857.092 -999.000  0.000    0.000   -3.000   -5.000   0.005975
902.881 -999.000  0.000    0.000   -3.000   -5.000   0.005520
948.853 -999.000  0.000    0.000   -3.000   -5.000   0.004128
999.646 -999.000  0.000    0.000   -3.000   -5.000   0.002276
1055.303 -999.000  0.000    0.000   -3.000   -5.000   0.000416
1106.551 -999.000  0.000    0.000   -3.000   -5.000   -0.000726
1158.050 -999.000  0.000    0.000   -3.000   -5.000   -0.001729
1214.489 -999.000  0.000    0.000   -3.000   -5.000   -0.003190
1271.214 -999.000  0.000    0.000   -3.000   -5.000   -0.005167
1328.230 -999.000  0.000    0.000   -3.000   -5.000   -0.008003
1390.346 -999.000  0.000    0.000   -3.000   -5.000   -0.012021
1452.790 -999.000  0.000    0.000   -3.000   -5.000   -0.016804
1510.766 -999.000  0.000    0.000   -3.000   -5.000   -0.021722
1569.056 -999.000  0.000    0.000   -3.000   -5.000   -0.026842
1632.579 -999.000  0.000    0.000   -3.000   -5.000   -0.032060
1696.455 -999.000  0.000    0.000   -3.000   -5.000   -0.036930
1765.728 -999.000  0.000    0.000   -3.000   -5.000   -0.041825
1830.388 -999.000  0.000    0.000   -3.000   -5.000   -0.046143
1895.542 -999.000  0.000    0.000   -3.000   -5.000   -0.050519
1971.156 -999.000  0.000    0.000   -3.000   -5.000   -0.055411
2047.361 -999.000  0.000    0.000   -3.000   -5.000   -0.059836
2134.412 -999.000  0.000    0.000   -3.000   -5.000   -0.064426
2227.378 -999.000  0.000    0.000   -3.000   -5.000   -0.067201
2514.037 -999.000  0.000    0.000   -3.000   -5.000   -0.064818
3017.161 -999.000  0.000    0.000   -3.000   -5.000   -0.061645
3576.183 -999.000  0.000    0.000   -3.000   -5.000   -0.065537
4193.078 -999.000  0.000    0.000   -3.000   -5.000   -0.070832
4857.795 -999.000  0.000    0.000   -3.000   -5.000   -0.058354
5578.999 -999.000  0.000    0.000   -3.000   -5.000   -0.019947
6333.516 -999.000  0.000    0.000   -3.000   -5.000   0.019429
7084.564 -999.000  0.000    0.000   -3.000   -5.000   0.042241
7836.234 -999.000  0.000    0.000   -3.000   -5.000   0.056965
8582.901 -999.000  0.000    0.000   -3.000   -5.000   0.051336
9330.266 -999.000  0.000    0.000   -3.000   -5.000   0.016979
10083.780 -999.000  0.000    0.000   -3.000   -5.000   -0.017307
10827.658 -999.000  0.000    0.000   -3.000   -5.000   -0.035035
11568.746 -999.000  0.000    0.000   -3.000   -5.000   -0.038900
12316.295 -999.000  0.000    0.000   -3.000   -5.000   -0.030200
13068.287 -999.000  0.000    0.000   -3.000   -5.000   -0.041885
13822.677 -999.000  0.000    0.000   -3.000   -5.000   -0.093291
14556.426 -999.000  0.000    0.000   -3.000   -5.000   -0.128775
15307.969 -999.000  0.000    0.000   -3.000   -5.000   -0.099009
16072.348 -999.000  0.000    0.000   -3.000   -5.000   -0.027482
16863.248 -999.000  0.000    0.000   -3.000   -5.000   0.039474
17750.090 -999.000  0.000    0.000   -3.000   -5.000   0.059055
18738.941 -999.000  0.000    0.000   -3.000   -5.000   0.025387
19913.666 -999.000  0.000    0.000   -3.000   -5.000   -0.002737
0.500,    66,   1010.09    day,levels,pres0
75.867 -999.000  0.000    0.000   -3.000   -5.000   -0.000667
110.036 -999.000  0.000    0.000   -3.000   -5.000   -0.002048
144.299 -999.000  0.000    0.000   -3.000   -5.000   -0.003364
178.659 -999.000  0.000    0.000   -3.000   -5.000   -0.004200
217.444 -999.000  0.000    0.000   -3.000   -5.000   -0.004829
256.352 -999.000  0.000    0.000   -3.000   -5.000   -0.005313
295.420 -999.000  0.000    0.000   -3.000   -5.000   -0.005613
334.613 -999.000  0.000    0.000   -3.000   -5.000   -0.005957
369.576 -999.000  0.000    0.000   -3.000   -5.000   -0.006084
409.048 -999.000  0.000    0.000   -3.000   -5.000   -0.006139
448.645 -999.000  0.000    0.000   -3.000   -5.000   -0.006047
488.396 -999.000  0.000    0.000   -3.000   -5.000   -0.005320
532.722 -999.000  0.000    0.000   -3.000   -5.000   -0.004008
577.222 -999.000  0.000    0.000   -3.000   -5.000   -0.002474
621.900 -999.000  0.000    0.000   -3.000   -5.000   -0.000785
666.754 -999.000  0.000    0.000   -3.000   -5.000   0.000967
711.786 -999.000  0.000    0.000   -3.000   -5.000   0.002729
756.996 -999.000  0.000    0.000   -3.000   -5.000   0.004446
806.944 -999.000  0.000    0.000   -3.000   -5.000   0.005606
857.092 -999.000  0.000    0.000   -3.000   -5.000   0.005975
902.881 -999.000  0.000    0.000   -3.000   -5.000   0.005520
948.853 -999.000  0.000    0.000   -3.000   -5.000   0.004128
999.646 -999.000  0.000    0.000   -3.000   -5.000   0.002276
1055.303 -999.000  0.000    0.000   -3.000   -5.000   0.000416
1106.551 -999.000  0.000    0.000   -3.000   -5.000   -0.000726
1158.050 -999.000  0.000    0.000   -3.000   -5.000   -0.001729
1214.489 -999.000  0.000    0.000   -3.000   -5.000   -0.003190
1271.214 -999.000  0.000    0.000   -3.000   -5.000   -0.005167
1328.230 -999.000  0.000    0.000   -3.000   -5.000   -0.008003
1390.346 -999.000  0.000    0.000   -3.000   -5.000   -0.012021
1452.790 -999.000  0.000    0.000   -3.000   -5.000   -0.016804
1510.766 -999.000  0.000    0.000   -3.000   -5.000   -0.021722
1569.056 -999.000  0.000    0.000   -3.000   -5.000   -0.026842
1632.579 -999.000  0.000    0.000   -3.000   -5.000   -0.032060
1696.455 -999.000  0.000    0.000   -3.000   -5.000   -0.036930
1765.728 -999.000  0.000    0.000   -3.000   -5.000   -0.041825
1830.388 -999.000  0.000    0.000   -3.000   -5.000   -0.046143
1895.542 -999.000  0.000    0.000   -3.000   -5.000   -0.050519
1971.156 -999.000  0.000    0.000   -3.000   -5.000   -0.055411
2047.361 -999.000  0.000    0.000   -3.000   -5.000   -0.059836
2134.412 -999.000  0.000    0.000   -3.000   -5.000   -0.064426
2227.378 -999.000  0.000    0.000   -3.000   -5.000   -0.067201
2514.037 -999.000  0.000    0.000   -3.000   -5.000   -0.064818
3017.161 -999.000  0.000    0.000   -3.000   -5.000   -0.061645
3576.183 -999.000  0.000    0.000   -3.000   -5.000   -0.065537
4193.078 -999.000  0.000    0.000   -3.000   -5.000   -0.070832
4857.795 -999.000  0.000    0.000   -3.000   -5.000   -0.058354
5578.999 -999.000  0.000    0.000   -3.000   -5.000   -0.019947
6333.516 -999.000  0.000    0.000   -3.000   -5.000   0.019429
7084.564 -999.000  0.000    0.000   -3.000   -5.000   0.042241
7836.234 -999.000  0.000    0.000   -3.000   -5.000   0.056965
8582.901 -999.000  0.000    0.000   -3.000   -5.000   0.051336
9330.266 -999.000  0.000    0.000   -3.000   -5.000   0.016979
10083.780 -999.000  0.000    0.000   -3.000   -5.000   -0.017307
10827.658 -999.000  0.000    0.000   -3.000   -5.000   -0.035035
11568.746 -999.000  0.000    0.000   -3.000   -5.000   -0.038900
12316.295 -999.000  0.000    0.000   -3.000   -5.000   -0.030200
13068.287 -999.000  0.000    0.000   -3.000   -5.000   -0.041885
13822.677 -999.000  0.000    0.000   -3.000   -5.000   -0.093291
14556.426 -999.000  0.000    0.000   -3.000   -5.000   -0.128775
15307.969 -999.000  0.000    0.000   -3.000   -5.000   -0.099009
16072.348 -999.000  0.000    0.000   -3.000   -5.000   -0.027482
16863.248 -999.000  0.000    0.000   -3.000   -5.000   0.039474
17750.090 -999.000  0.000    0.000   -3.000   -5.000   0.059055
18738.941 -999.000  0.000    0.000   -3.000   -5.000   0.025387
19913.666 -999.000  0.000    0.000   -3.000   -5.000   -0.002737
0.542,    66,   1010.09    day,levels,pres0
75.867 -999.000  0.000    0.000   -3.000   -5.000   -0.000667
110.036 -999.000  0.000    0.000   -3.000   -5.000   -0.002048
144.299 -999.000  0.000    0.000   -3.000   -5.000   -0.003364
178.659 -999.000  0.000    0.000   -3.000   -5.000   -0.004200
217.444 -999.000  0.000    0.000   -3.000   -5.000   -0.004829
256.352 -999.000  0.000    0.000   -3.000   -5.000   -0.005313
295.420 -999.000  0.000    0.000   -3.000   -5.000   -0.005613
334.613 -999.000  0.000    0.000   -3.000   -5.000   -0.005957
369.576 -999.000  0.000    0.000   -3.000   -5.000   -0.006084
409.048 -999.000  0.000    0.000   -3.000   -5.000   -0.006139
448.645 -999.000  0.000    0.000   -3.000   -5.000   -0.006047
488.396 -999.000  0.000    0.000   -3.000   -5.000   -0.005320
532.722 -999.000  0.000    0.000   -3.000   -5.000   -0.004008
577.222 -999.000  0.000    0.000   -3.000   -5.000   -0.002474
621.900 -999.000  0.000    0.000   -3.000   -5.000   -0.000785
666.754 -999.000  0.000    0.000   -3.000   -5.000   0.000967
711.786 -999.000  0.000    0.000   -3.000   -5.000   0.002729
756.996 -999.000  0.000    0.000   -3.000   -5.000   0.004446
806.944 -999.000  0.000    0.000   -3.000   -5.000   0.005606
857.092 -999.000  0.000    0.000   -3.000   -5.000   0.005975
902.881 -999.000  0.000    0.000   -3.000   -5.000   0.005520
948.853 -999.000  0.000    0.000   -3.000   -5.000   0.004128
999.646 -999.000  0.000    0.000   -3.000   -5.000   0.002276
1055.303 -999.000  0.000    0.000   -3.000   -5.000   0.000416
1106.551 -999.000  0.000    0.000   -3.000   -5.000   -0.000726
1158.050 -999.000  0.000    0.000   -3.000   -5.000   -0.001729
1214.489 -999.000  0.000    0.000   -3.000   -5.000   -0.003190
1271.214 -999.000  0.000    0.000   -3.000   -5.000   -0.005167
1328.230 -999.000  0.000    0.000   -3.000   -5.000   -0.008003
1390.346 -999.000  0.000    0.000   -3.000   -5.000   -0.012021
1452.790 -999.000  0.000    0.000   -3.000   -5.000   -0.016804
1510.766 -999.000  0.000    0.000   -3.000   -5.000   -0.021722
1569.056 -999.000  0.000    0.000   -3.000   -5.000   -0.026842
1632.579 -999.000  0.000    0.000   -3.000   -5.000   -0.032060
1696.455 -999.000  0.000    0.000   -3.000   -5.000   -0.036930
1765.728 -999.000  0.000    0.000   -3.000   -5.000   -0.041825
1830.388 -999.000  0.000    0.000   -3.000   -5.000   -0.046143
1895.542 -999.000  0.000    0.000   -3.000   -5.000   -0.050519
1971.156 -999.000  0.000    0.000   -3.000   -5.000   -0.055411
2047.361 -999.000  0.000    0.000   -3.000   -5.000   -0.059836
2134.412 -999.000  0.000    0.000   -3.000   -5.000   -0.064426
2227.378 -999.000  0.000    0.000   -3.000   -5.000   -0.067201
2514.037 -999.000  0.000    0.000   -3.000   -5.000   -0.064818
3017.161 -999.000  0.000    0.000   -3.000   -5.000   -0.061645
3576.183 -999.000  0.000    0.000   -3.000   -5.000   -0.065537
4193.078 -999.000  0.000    0.000   -3.000   -5.000   -0.070832
4857.795 -999.000  0.000    0.000   -3.000   -5.000   -0.058354
5578.999 -999.000  0.000    0.000   -3.000   -5.000   -0.019947
6333.516 -999.000  0.000    0.000   -3.000   -5.000   0.019429
7084.564 -999.000  0.000    0.000   -3.000   -5.000   0.042241
7836.234 -999.000  0.000    0.000   -3.000   -5.000   0.056965
8582.901 -999.000  0.000    0.000   -3.000   -5.000   0.051336
9330.266 -999.000  0.000    0.000   -3.000   -5.000   0.016979
10083.780 -999.000  0.000    0.000   -3.000   -5.000   -0.017307
10827.658 -999.000  0.000    0.000   -3.000   -5.000   -0.035035
11568.746 -999.000  0.000    0.000   -3.000   -5.000   -0.038900
12316.295 -999.000  0.000    0.000   -3.000   -5.000   -0.030200
13068.287 -999.000  0.000    0.000   -3.000   -5.000   -0.041885
13822.677 -999.000  0.000    0.000   -3.000   -5.000   -0.093291
14556.426 -999.000  0.000    0.000   -3.000   -5.000   -0.128775
15307.969 -999.000  0.000    0.000   -3.000   -5.000   -0.099009
16072.348 -999.000  0.000    0.000   -3.000   -5.000   -0.027482
16863.248 -999.000  0.000    0.000   -3.000   -5.000   0.039474
17750.090 -999.000  0.000    0.000   -3.000   -5.000   0.059055
18738.941 -999.000  0.000    0.000   -3.000   -5.000   0.025387
19913.666 -999.000  0.000    0.000   -3.000   -5.000   -0.002737
0.583,    66,   1010.09    day,levels,pres0
75.867 -999.000  0.000    0.000   -3.000   -5.000   -0.000667
110.036 -999.000  0.000    0.000   -3.000   -5.000   -0.002048
144.299 -999.000  0.000    0.000   -3.000   -5.000   -0.003364
178.659 -999.000  0.000    0.000   -3.000   -5.000   -0.004200
217.444 -999.000  0.000    0.000   -3.000   -5.000   -0.004829
256.352 -999.000  0.000    0.000   -3.000   -5.000   -0.005313
295.420 -999.000  0.000    0.000   -3.000   -5.000   -0.005613
334.613 -999.000  0.000    0.000   -3.000   -5.000   -0.005957
369.576 -999.000  0.000    0.000   -3.000   -5.000   -0.006084
409.048 -999.000  0.000    0.000   -3.000   -5.000   -0.006139
448.645 -999.000  0.000    0.000   -3.000   -5.000   -0.006047
488.396 -999.000  0.000    0.000   -3.000   -5.000   -0.005320
532.722 -999.000  0.000    0.000   -3.000   -5.000   -0.004008
577.222 -999.000  0.000    0.000   -3.000   -5.000   -0.002474
621.900 -999.000  0.000    0.000   -3.000   -5.000   -0.000785
666.754 -999.000  0.000    0.000   -3.000   -5.000   0.000967
711.786 -999.000  0.000    0.000   -3.000   -5.000   0.002729
756.996 -999.000  0.000    0.000   -3.000   -5.000   0.004446
806.944 -999.000  0.000    0.000   -3.000   -5.000   0.005606
857.092 -999.000  0.000    0.000   -3.000   -5.000   0.005975
902.881 -999.000  0.000    0.000   -3.000   -5.000   0.005520
948.853 -999.000  0.000    0.000   -3.000   -5.000   0.004128
999.646 -999.000  0.000    0.000   -3.000   -5.000   0.002276
1055.303 -999.000  0.000    0.000   -3.000   -5.000   0.000416
1106.551 -999.000  0.000    0.000   -3.000   -5.000   -0.000726
1158.050 -999.000  0.000    0.000   -3.000   -5.000   -0.001729
1214.489 -999.000  0.000    0.000   -3.000   -5.000   -0.003190
1271.214 -999.000  0.000    0.000   -3.000   -5.000   -0.005167
1328.230 -999.000  0.000    0.000   -3.000   -5.000   -0.008003
1390.346 -999.000  0.000    0.000   -3.000   -5.000   -0.012021
1452.790 -999.000  0.000    0.000   -3.000   -5.000   -0.016804
1510.766 -999.000  0.000    0.000   -3.000   -5.000   -0.021722
1569.056 -999.000  0.000    0.000   -3.000   -5.000   -0.026842
1632.579 -999.000  0.000    0.000   -3.000   -5.000   -0.032060
1696.455 -999.000  0.000    0.000   -3.000   -5.000   -0.036930
1765.728 -999.000  0.000    0.000   -3.000   -5.000   -0.041825
1830.388 -999.000  0.000    0.000   -3.000   -5.000   -0.046143
1895.542 -999.000  0.000    0.000   -3.000   -5.000   -0.050519
1971.156 -999.000  0.000    0.000   -3.000   -5.000   -0.055411
2047.361 -999.000  0.000    0.000   -3.000   -5.000   -0.059836
2134.412 -999.000  0.000    0.000   -3.000   -5.000   -0.064426
2227.378 -999.000  0.000    0.000   -3.000   -5.000   -0.067201
2514.037 -999.000  0.000    0.000   -3.000   -5.000   -0.064818
3017.161 -999.000  0.000    0.000   -3.000   -5.000   -0.061645
3576.183 -999.000  0.000    0.000   -3.000   -5.000   -0.065537
4193.078 -999.000  0.000    0.000   -3.000   -5.000   -0.070832
4857.795 -999.000  0.000    0.000   -3.000   -5.000   -0.058354
5578.999 -999.000  0.000    0.000   -3.000   -5.000   -0.019947
6333.516 -999.000  0.000    0.000   -3.000   -5.000   0.019429
7084.564 -999.000  0.000    0.000   -3.000   -5.000   0.042241
7836.234 -999.000  0.000    0.000   -3.000   -5.000   0.056965
8582.901 -999.000  0.000    0.000   -3.000   -5.000   0.051336
9330.266 -999.000  0.000    0.000   -3.000   -5.000   0.016979
10083.780 -999.000  0.000    0.000   -3.000   -5.000   -0.017307
10827.658 -999.000  0.000    0.000   -3.000   -5.000   -0.035035
11568.746 -999.000  0.000    0.000   -3.000   -5.000   -0.038900
12316.295 -999.000  0.000    0.000   -3.000   -5.000   -0.030200
13068.287 -999.000  0.000    0.000   -3.000   -5.000   -0.041885
13822.677 -999.000  0.000    0.000   -3.000   -5.000   -0.093291
14556.426 -999.000  0.000    0.000   -3.000   -5.000   -0.128775
15307.969 -999.000  0.000    0.000   -3.000   -5.000   -0.099009
16072.348 -999.000  0.000    0.000   -3.000   -5.000   -0.027482
16863.248 -999.000  0.000    0.000   -3.000   -5.000   0.039474
17750.090 -999.000  0.000    0.000   -3.000   -5.000   0.059055
18738.941 -999.000  0.000    0.000   -3.000   -5.000   0.025387
19913.666 -999.000  0.000    0.000   -3.000   -5.000   -0.002737
