day sst(K) H(W/m2) LE(W/m2) TAU(m2/s2)
0.000   297.41   -4.7   4.0   0.110
0.042   298.32   -4.9   43.9   0.110
0.083   299.08   21.8   98.8   0.110
0.125   299.84   58.9   190.8   0.110
0.167   301.44   128.5   345.1   0.110
0.208   302.18   104.9   373.0   0.110
0.250   302.59   92.7   373.1   0.110
0.292   303.10   86.5   385.7   0.110
0.333   303.42   60.5   357.8   0.110
0.375   303.77   52.5   354.7   0.110
0.417   303.54   15.9   237.7   0.110
0.458   303.19   3.6   146.7   0.110
0.500   301.25   -5.6   38.5   0.110
0.542   299.90   -9.1   24.4   0.110
0.583   299.21   -7.6   12.5   0.110
